System              FCI             CISD error     HF error       DMRG error      FCI BD   CISD BD   DMRG BD   
---------------------------------------------------------------------------------------------------------------
H4chain_eqm         -2.1803166143   7.65862e-04    5.60569e-02    8.60700e-04    16             11             7              
H4chain_corr        -1.8977806460   4.31437e-02    3.22164e-01    1.29096e-03    16             11             10             
H4chain_diss        -1.8672913724   1.64588e-03    5.53980e-01    3.87152e-04    16             4              6              
H4rect_corr         -1.9151065495   8.92731e-03    2.20217e-01    1.50813e-12    8              6              8              
H4rect_diss         -2.2018255074   2.03815e-03    7.02095e-02    1.32357e-05    8              7              6              
LiH_eqm             -7.8823243789   1.33926e-05    2.04596e-02    1.24475e-03    16             11             4              
LiH_corr            -7.7842781787   1.41379e-04    1.59303e-01    6.20228e-04    16             11             4              
H2O_eqm             -75.0198547962  9.26946e-04    5.51923e-02    1.06501e-03    29             13             10             
H2O_corr            -74.7537908684  3.24912e-02    4.00981e-01    1.59809e-03    29             6              10             
H2O_diss            -74.7377398174  9.58923e-06    4.74374e-01    1.01346e-03    25             14             2              
N2frozen_eqm        -107.6770853916 1.90217e-02    1.89301e-01    1.17583e-03    89             21             40             
N2frozen_corr       -107.6229915953 3.98950e-02    2.65176e-01    1.45674e-03    89             21             40             
N2frozen_diss       -107.4448381016 1.90358e-01    6.93007e-01    6.65776e-04    89             11             50             
